%pignistic probability of the three clusters (High, Medium, Low)
   3.1254998e-01   2.9154502e-01   3.9590500e-01
   2.9238621e-01   3.9501159e-01   3.1260220e-01
   3.5074881e-01   3.2542472e-01   3.2382648e-01
   9.4642288e-01   2.8611384e-02   2.4965735e-02
   3.3270882e-01   3.3226810e-01   3.3502308e-01
   2.3435344e-01   7.4701456e-01   1.8631997e-02
   2.5826607e-01   4.8404762e-01   2.5768631e-01
   8.0206107e-03   1.3973792e-02   9.7800560e-01
   2.9816787e-01   4.0275449e-01   2.9907764e-01
   2.4868578e-01   5.0647995e-01   2.4483427e-01
   4.4464133e-01   3.4195017e-01   2.1340850e-01
   1.4613744e-01   6.7204958e-01   1.8181298e-01
   4.4964751e-01   3.9511676e-01   1.5523574e-01
   3.3975743e-03   9.5243527e-01   4.4167160e-02
   4.2885280e-01   3.1723387e-01   2.5391333e-01
   1.8211989e-01   6.3458381e-01   1.8329631e-01
   3.0746607e-01   4.2192648e-01   2.7060745e-01
   3.1139272e-01   4.1129694e-01   2.7731034e-01
   2.5365266e-01   7.1050073e-01   3.5846614e-02
   4.7318879e-01   3.2086425e-01   2.0594696e-01
   9.8091997e-02   4.9694374e-01   4.0496427e-01
   2.5989474e-01   4.2962246e-01   3.1048280e-01
   9.3403709e-01   3.6093142e-02   2.9869769e-02
   4.9356643e-02   1.6888807e-01   7.8175528e-01
   6.6642763e-01   1.7042830e-01   1.6314407e-01
   2.1679896e-01   6.7293829e-01   1.1026275e-01
   3.2539594e-01   5.0324596e-01   1.7135810e-01
   2.8954812e-01   3.2082679e-01   3.8962509e-01
   4.2366005e-01   3.0115287e-01   2.7518708e-01
   3.1863571e-01   3.4564819e-01   3.3571610e-01
   3.5071833e-01   4.0357748e-01   2.4570419e-01
   2.1129127e-01   2.1951422e-01   5.6919451e-01
   3.1469057e-01   1.7836561e-01   5.0694382e-01
   3.5132235e-01   3.4152120e-01   3.0715645e-01
   7.4201903e-01   2.4632787e-01   1.1653097e-02
   1.6854703e-01   5.7900533e-01   2.5244764e-01
   3.9478161e-01   4.3200772e-01   1.7321067e-01
   1.0146919e-01   8.0807397e-01   9.0456838e-02
   4.7152849e-01   2.6704511e-01   2.6142640e-01
   1.2125845e-01   8.1029731e-01   6.8444240e-02
   4.1214988e-01   4.3115775e-01   1.5669237e-01
   2.6763379e-01   4.2835153e-01   3.0401467e-01
   1.8236221e-02   9.6338112e-01   1.8382654e-02
   3.3974804e-01   3.8188493e-01   2.7836703e-01
   2.5425733e-01   4.5367258e-01   2.9207010e-01
   4.3189848e-01   4.2562922e-01   1.4247230e-01
   3.6045400e-01   3.6533066e-01   2.7421535e-01
   3.1307489e-01   4.3009787e-01   2.5682724e-01
   3.6971627e-03   9.5938461e-01   3.6918224e-02
   4.2144296e-01   5.6976845e-01   8.7885892e-03
   2.0568154e-01   6.9945490e-01   9.4863554e-02
   3.0930583e-01   3.5060561e-01   3.4008855e-01
   2.8535651e-01   4.5655296e-01   2.5809052e-01
   3.3340106e-01   3.3321947e-01   3.3337946e-01
   3.1581686e-02   5.3826166e-01   4.3015666e-01
   3.3084792e-01   3.4580466e-01   3.2334742e-01
   3.0828991e-01   3.6258706e-01   3.2912303e-01
   2.3883407e-01   4.7452328e-01   2.8664265e-01
   3.4510779e-01   5.6617248e-01   8.8719734e-02
   8.1939255e-01   8.6240321e-02   9.4367127e-02
   7.4249356e-02   4.6461665e-01   4.6113399e-01
   4.6352459e-01   2.6734859e-01   2.6912682e-01
   7.3906122e-01   1.3691384e-01   1.2402494e-01
   4.1370239e-01   1.8092827e-01   4.0536934e-01
   6.7094697e-01   1.9565421e-01   1.3339882e-01
   2.5389000e-01   4.8774694e-01   2.5836305e-01
   8.2191631e-01   3.4523304e-02   1.4356039e-01
   3.8867053e-01   3.1407814e-01   2.9725133e-01
   1.5103179e-01   5.3805180e-01   3.1091641e-01
   3.2276937e-01   5.7653556e-01   1.0069507e-01
   1.0624600e-01   8.1494727e-01   7.8806734e-02
   3.0480687e-01   4.1197395e-01   2.8321917e-01
   7.9046171e-01   1.6971796e-01   3.9820335e-02
   4.4679950e-01   1.2873338e-01   4.2446713e-01
   2.0702994e-01   5.5565181e-01   2.3731825e-01
   6.1715913e-01   2.6112298e-01   1.2171788e-01
   3.6487158e-01   4.9089620e-01   1.4423222e-01
   4.2010201e-01   4.1775288e-01   1.6214510e-01
   1.3524257e-01   1.0864068e-01   7.5611675e-01
   8.1967058e-02   8.3266919e-01   8.5363749e-02
   1.7494794e-01   4.2495057e-01   4.0010149e-01
   8.2983836e-01   1.4881990e-01   2.1341737e-02
   8.9717942e-02   5.1148682e-01   3.9879524e-01
   2.7673348e-01   3.0191641e-01   4.2135011e-01
   4.2262567e-02   8.5707972e-01   1.0065771e-01
